(kicad_pcb (version 20171130) (host pcbnew 5.1.4+dfsg1-1)

  (general
    (thickness 1.6)
    (drawings 4)
    (tracks 376)
    (zones 0)
    (modules 175)
    (nets 227)
  )

  (page A4)
  (layers
    (0 F.Cu signal)
    (31 B.Cu signal)
    (32 B.Adhes user)
    (33 F.Adhes user)
    (34 B.Paste user)
    (35 F.Paste user)
    (36 B.SilkS user)
    (37 F.SilkS user)
    (38 B.Mask user)
    (39 F.Mask user)
    (40 Dwgs.User user)
    (41 Cmts.User user)
    (42 Eco1.User user)
    (43 Eco2.User user)
    (44 Edge.Cuts user)
    (45 Margin user)
    (46 B.CrtYd user)
    (47 F.CrtYd user)
    (48 B.Fab user)
    (49 F.Fab user)
  )

  (setup
    (last_trace_width 0.25)
    (trace_clearance 0.2)
    (zone_clearance 0.508)
    (zone_45_only no)
    (trace_min 0.2)
    (via_size 0.8)
    (via_drill 0.4)
    (via_min_size 0.2)
    (via_min_drill 0.3)
    (uvia_size 0.3)
    (uvia_drill 0.1)
    (uvias_allowed no)
    (uvia_min_size 0.2)
    (uvia_min_drill 0.1)
    (edge_width 0.05)
    (segment_width 0.2)
    (pcb_text_width 0.3)
    (pcb_text_size 1.5 1.5)
    (mod_edge_width 0.12)
    (mod_text_size 1 1)
    (mod_text_width 0.15)
    (pad_size 1.524 1.524)
    (pad_drill 0.762)
    (pad_to_mask_clearance 0.051)
    (solder_mask_min_width 0.25)
    (aux_axis_origin 0 0)
    (visible_elements FFFFFF7F)
    (pcbplotparams
      (layerselection 0x010fc_ffffffff)
      (usegerberextensions false)
      (usegerberattributes false)
      (usegerberadvancedattributes false)
      (creategerberjobfile false)
      (excludeedgelayer true)
      (linewidth 0.100000)
      (plotframeref false)
      (viasonmask false)
      (mode 1)
      (useauxorigin false)
      (hpglpennumber 1)
      (hpglpenspeed 20)
      (hpglpendiameter 15.000000)
      (psnegative false)
      (psa4output false)
      (plotreference true)
      (plotvalue true)
      (plotinvisibletext false)
      (padsonsilk false)
      (subtractmaskfromsilk false)
      (outputformat 1)
      (mirror false)
      (drillshape 1)
      (scaleselection 1)
      (outputdirectory ""))
  )

  (net 0 "")
  (net 1 VBAT)
  (net 2 GND)
  (net 3 "Net-(C1-Pad1)")
  (net 4 VM)
  (net 5 V-)
  (net 6 "Net-(C2-Pad1)")
  (net 7 -5V)
  (net 8 +5V)
  (net 9 "Net-(C5-Pad2)")
  (net 10 "Net-(C6-Pad2)")
  (net 11 "Net-(C6-Pad1)")
  (net 12 "Net-(C7-Pad2)")
  (net 13 "Net-(C9-Pad1)")
  (net 14 "Net-(C9-Pad2)")
  (net 15 +3V3)
  (net 16 "Net-(C14-Pad1)")
  (net 17 "Net-(C15-Pad1)")
  (net 18 "Net-(C16-Pad1)")
  (net 19 "Net-(C16-Pad2)")
  (net 20 V+)
  (net 21 "Net-(C20-Pad1)")
  (net 22 "Net-(C21-Pad1)")
  (net 23 +12V)
  (net 24 BOOT0)
  (net 25 "Net-(C24-Pad1)")
  (net 26 "Net-(C25-Pad1)")
  (net 27 ~RST)
  (net 28 "Net-(D3-Pad2)")
  (net 29 "Net-(D4-Pad2)")
  (net 30 "Net-(D5-Pad1)")
  (net 31 "Net-(D6-Pad1)")
  (net 32 "Net-(D7-Pad1)")
  (net 33 "Net-(D8-Pad1)")
  (net 34 "Net-(D9-Pad1)")
  (net 35 "Net-(D10-Pad1)")
  (net 36 "Net-(F1-Pad2)")
  (net 37 "Net-(F2-Pad2)")
  (net 38 "Net-(F3-Pad1)")
  (net 39 "Net-(F3-Pad2)")
  (net 40 "Net-(F4-Pad2)")
  (net 41 "Net-(F4-Pad1)")
  (net 42 USB_D-)
  (net 43 "Net-(J1-Pad1)")
  (net 44 "Net-(J1-Pad4)")
  (net 45 USB_D+)
  (net 46 /IO/DAC)
  (net 47 /IO/IO10)
  (net 48 /IO/IO11)
  (net 49 /IO/IO14)
  (net 50 /IO/IO12)
  (net 51 /IO/IO13)
  (net 52 /IO/IO9)
  (net 53 /IO/IO8)
  (net 54 /IO/IO7)
  (net 55 /IO/IO6)
  (net 56 /IO/IO5)
  (net 57 /IO/IO4)
  (net 58 /IO/IO3)
  (net 59 /IO/IO2)
  (net 60 /IO/IO1)
  (net 61 /IO/IO0)
  (net 62 /MCU/PWM1)
  (net 63 /MCU/PWM0)
  (net 64 /MCU/SDIO2)
  (net 65 /MCU/SDIO3)
  (net 66 /MCU/SDIO5)
  (net 67 /MCU/SDIO4)
  (net 68 /MCU/SDIO0)
  (net 69 /MCU/SDIO1)
  (net 70 "Net-(J5-Pad9)")
  (net 71 /MCU/IO29)
  (net 72 /MCU/SPI1_2)
  (net 73 /MCU/IO210)
  (net 74 /MCU/SPI1_0)
  (net 75 "Net-(J8-Pad1)")
  (net 76 "Net-(J8-Pad2)")
  (net 77 "Net-(J10-Pad5)")
  (net 78 "Net-(J10-Pad1)")
  (net 79 "Net-(J10-Pad3)")
  (net 80 "Net-(J10-Pad7)")
  (net 81 "Net-(J10-Pad9)")
  (net 82 "Net-(J10-Pad11)")
  (net 83 "Net-(J11-Pad6)")
  (net 84 "Net-(J11-Pad5)")
  (net 85 "Net-(J11-Pad3)")
  (net 86 "Net-(J11-Pad2)")
  (net 87 "Net-(J11-Pad8)")
  (net 88 "Net-(J11-Pad9)")
  (net 89 "Net-(J11-Pad11)")
  (net 90 "Net-(J11-Pad12)")
  (net 91 "Net-(J11-Pad14)")
  (net 92 "Net-(J11-Pad15)")
  (net 93 "Net-(J11-Pad17)")
  (net 94 "Net-(J11-Pad18)")
  (net 95 "/External Connections/USART1_1")
  (net 96 "/External Connections/USART1_0")
  (net 97 "/External Connections/USART2_0")
  (net 98 "/External Connections/USART2_1")
  (net 99 "/External Connections/USART3_1")
  (net 100 "/External Connections/USART3_0")
  (net 101 "/External Connections/I2C2_0")
  (net 102 "/External Connections/I2C2_1")
  (net 103 I2C1_IT)
  (net 104 "/External Connections/I2C1_1")
  (net 105 "/External Connections/I2C1_0")
  (net 106 SPI2_IT)
  (net 107 "/External Connections/SPI2_2")
  (net 108 "/External Connections/SPI2_1")
  (net 109 "/External Connections/SPI2_0")
  (net 110 "/External Connections/SPI3_0")
  (net 111 "/External Connections/SPI3_1")
  (net 112 "/External Connections/SPI3_2")
  (net 113 "/External Connections/SWD0")
  (net 114 "/External Connections/SWD1")
  (net 115 "Net-(J20-Pad5)")
  (net 116 "Net-(J20-Pad2)")
  (net 117 "Net-(J21-Pad1)")
  (net 118 "Net-(J22-Pad1)")
  (net 119 "Net-(J25-Pad1)")
  (net 120 "Net-(Q1-Pad1)")
  (net 121 "Net-(Q1-Pad4)")
  (net 122 "Net-(Q1-Pad5)")
  (net 123 "Net-(Q1-Pad8)")
  (net 124 "Net-(Q2-Pad3)")
  (net 125 "Net-(Q2-Pad1)")
  (net 126 "Net-(Q3-Pad1)")
  (net 127 "Net-(Q3-Pad3)")
  (net 128 "Net-(Q4-Pad1)")
  (net 129 "Net-(Q4-Pad3)")
  (net 130 "Net-(Q5-Pad3)")
  (net 131 "Net-(Q5-Pad1)")
  (net 132 "Net-(Q8-Pad1)")
  (net 133 "Net-(Q9-Pad1)")
  (net 134 "Net-(R5-Pad2)")
  (net 135 "Net-(R7-Pad2)")
  (net 136 PWR_CTL)
  (net 137 "Net-(R11-Pad1)")
  (net 138 "Net-(R14-Pad1)")
  (net 139 "Net-(R17-Pad2)")
  (net 140 "Net-(R29-Pad2)")
  (net 141 "Net-(R31-Pad2)")
  (net 142 "Net-(R32-Pad2)")
  (net 143 "Net-(R32-Pad1)")
  (net 144 /DifferentialConditioning.sch/ADC_diff0)
  (net 145 "Net-(R34-Pad2)")
  (net 146 "Net-(R36-Pad2)")
  (net 147 "Net-(R37-Pad2)")
  (net 148 "Net-(R37-Pad1)")
  (net 149 /DifferentialConditioning.sch/ADC_diff1)
  (net 150 "Net-(R39-Pad2)")
  (net 151 "Net-(R41-Pad2)")
  (net 152 "Net-(R42-Pad1)")
  (net 153 "Net-(R42-Pad2)")
  (net 154 /DifferentialConditioning.sch/ADC_diff2)
  (net 155 "Net-(R44-Pad2)")
  (net 156 "Net-(R46-Pad2)")
  (net 157 "Net-(R47-Pad1)")
  (net 158 "Net-(R47-Pad2)")
  (net 159 /DifferentialConditioning.sch/ADC_diff3)
  (net 160 "Net-(R49-Pad2)")
  (net 161 "Net-(R51-Pad2)")
  (net 162 "Net-(R52-Pad1)")
  (net 163 "Net-(R52-Pad2)")
  (net 164 /DifferentialConditioning.sch/ADC_diff4)
  (net 165 "Net-(R54-Pad2)")
  (net 166 "Net-(R56-Pad2)")
  (net 167 "Net-(R57-Pad2)")
  (net 168 "Net-(R57-Pad1)")
  (net 169 /DifferentialConditioning.sch/ADC_diff5)
  (net 170 /MCU/HS_POW0)
  (net 171 /MCU/HS_POW1)
  (net 172 "/Controlled Power/LS_POW0")
  (net 173 "/Controlled Power/LS_POW1")
  (net 174 "Net-(RV1-Pad2)")
  (net 175 /MCU/IO20)
  (net 176 /MCU/SPI1_1)
  (net 177 "Net-(U1-Pad3)")
  (net 178 "Net-(U1-Pad7)")
  (net 179 /MCU/IO22)
  (net 180 /MCU/IO27)
  (net 181 /MCU/IO28)
  (net 182 /MCU/IO21)
  (net 183 /MCU/IO23)
  (net 184 /MCU/IO24)
  (net 185 /MCU/IO25)
  (net 186 /MCU/IO26)
  (net 187 "Net-(U2-Pad3)")
  (net 188 "Net-(U2-Pad2)")
  (net 189 "Net-(U3-Pad5)")
  (net 190 "Net-(U3-Pad4)")
  (net 191 "Net-(U3-Pad1)")
  (net 192 "Net-(U4-Pad1)")
  (net 193 "Net-(U4-Pad4)")
  (net 194 "Net-(U4-Pad5)")
  (net 195 "Net-(U7-Pad2)")
  (net 196 "Net-(U7-Pad3)")
  (net 197 "Net-(U7-Pad5)")
  (net 198 "Net-(U10-Pad5)")
  (net 199 "Net-(U10-Pad3)")
  (net 200 "Net-(U10-Pad2)")
  (net 201 /MCU/SDI120)
  (net 202 /MCU/SDI121)
  (net 203 "Net-(U12-Pad12)")
  (net 204 "Net-(U12-Pad13)")
  (net 205 "/Analog Conditioning/ADC_se0")
  (net 206 "/Analog Conditioning/ADC_se1")
  (net 207 "/Analog Conditioning/ADC_se2")
  (net 208 "/Analog Conditioning/ADC_se3")
  (net 209 "/Analog Conditioning/ADC_se4")
  (net 210 "/Analog Conditioning/ADC_se5")
  (net 211 "Net-(U12-Pad73)")
  (net 212 /MCU/SDI122)
  (net 213 "Net-(U14-Pad14)")
  (net 214 "Net-(U14-Pad12)")
  (net 215 "Net-(U14-Pad10)")
  (net 216 "Net-(U14-Pad8)")
  (net 217 "Net-(U19-Pad14)")
  (net 218 "Net-(U19-Pad12)")
  (net 219 "Net-(U19-Pad10)")
  (net 220 "Net-(U19-Pad8)")
  (net 221 "Net-(U20-Pad4)")
  (net 222 "Net-(U20-Pad5)")
  (net 223 "Net-(U20-Pad6)")
  (net 224 "Net-(U20-Pad9)")
  (net 225 "Net-(U20-Pad10)")
  (net 226 "Net-(U20-Pad11)")

  (net_class Default "This is the default net class."
    (clearance 0.2)
    (trace_width 0.25)
    (via_dia 0.8)
    (via_drill 0.4)
    (uvia_dia 0.3)
    (uvia_drill 0.1)
    (add_net +12V)
    (add_net +3V3)
    (add_net +5V)
    (add_net -5V)
    (add_net "/Analog Conditioning/ADC_se0")
    (add_net "/Analog Conditioning/ADC_se1")
    (add_net "/Analog Conditioning/ADC_se2")
    (add_net "/Analog Conditioning/ADC_se3")
    (add_net "/Analog Conditioning/ADC_se4")
    (add_net "/Analog Conditioning/ADC_se5")
    (add_net "/Controlled Power/LS_POW0")
    (add_net "/Controlled Power/LS_POW1")
    (add_net /DifferentialConditioning.sch/ADC_diff0)
    (add_net /DifferentialConditioning.sch/ADC_diff1)
    (add_net /DifferentialConditioning.sch/ADC_diff2)
    (add_net /DifferentialConditioning.sch/ADC_diff3)
    (add_net /DifferentialConditioning.sch/ADC_diff4)
    (add_net /DifferentialConditioning.sch/ADC_diff5)
    (add_net "/External Connections/I2C1_0")
    (add_net "/External Connections/I2C1_1")
    (add_net "/External Connections/I2C2_0")
    (add_net "/External Connections/I2C2_1")
    (add_net "/External Connections/SPI2_0")
    (add_net "/External Connections/SPI2_1")
    (add_net "/External Connections/SPI2_2")
    (add_net "/External Connections/SPI3_0")
    (add_net "/External Connections/SPI3_1")
    (add_net "/External Connections/SPI3_2")
    (add_net "/External Connections/SWD0")
    (add_net "/External Connections/SWD1")
    (add_net "/External Connections/USART1_0")
    (add_net "/External Connections/USART1_1")
    (add_net "/External Connections/USART2_0")
    (add_net "/External Connections/USART2_1")
    (add_net "/External Connections/USART3_0")
    (add_net "/External Connections/USART3_1")
    (add_net /IO/DAC)
    (add_net /IO/IO0)
    (add_net /IO/IO1)
    (add_net /IO/IO10)
    (add_net /IO/IO11)
    (add_net /IO/IO12)
    (add_net /IO/IO13)
    (add_net /IO/IO14)
    (add_net /IO/IO2)
    (add_net /IO/IO3)
    (add_net /IO/IO4)
    (add_net /IO/IO5)
    (add_net /IO/IO6)
    (add_net /IO/IO7)
    (add_net /IO/IO8)
    (add_net /IO/IO9)
    (add_net /MCU/HS_POW0)
    (add_net /MCU/HS_POW1)
    (add_net /MCU/IO20)
    (add_net /MCU/IO21)
    (add_net /MCU/IO210)
    (add_net /MCU/IO22)
    (add_net /MCU/IO23)
    (add_net /MCU/IO24)
    (add_net /MCU/IO25)
    (add_net /MCU/IO26)
    (add_net /MCU/IO27)
    (add_net /MCU/IO28)
    (add_net /MCU/IO29)
    (add_net /MCU/PWM0)
    (add_net /MCU/PWM1)
    (add_net /MCU/SDI120)
    (add_net /MCU/SDI121)
    (add_net /MCU/SDI122)
    (add_net /MCU/SDIO0)
    (add_net /MCU/SDIO1)
    (add_net /MCU/SDIO2)
    (add_net /MCU/SDIO3)
    (add_net /MCU/SDIO4)
    (add_net /MCU/SDIO5)
    (add_net /MCU/SPI1_0)
    (add_net /MCU/SPI1_1)
    (add_net /MCU/SPI1_2)
    (add_net BOOT0)
    (add_net GND)
    (add_net I2C1_IT)
    (add_net "Net-(C1-Pad1)")
    (add_net "Net-(C14-Pad1)")
    (add_net "Net-(C15-Pad1)")
    (add_net "Net-(C16-Pad1)")
    (add_net "Net-(C16-Pad2)")
    (add_net "Net-(C2-Pad1)")
    (add_net "Net-(C20-Pad1)")
    (add_net "Net-(C21-Pad1)")
    (add_net "Net-(C24-Pad1)")
    (add_net "Net-(C25-Pad1)")
    (add_net "Net-(C5-Pad2)")
    (add_net "Net-(C6-Pad1)")
    (add_net "Net-(C6-Pad2)")
    (add_net "Net-(C7-Pad2)")
    (add_net "Net-(C9-Pad1)")
    (add_net "Net-(C9-Pad2)")
    (add_net "Net-(D10-Pad1)")
    (add_net "Net-(D3-Pad2)")
    (add_net "Net-(D4-Pad2)")
    (add_net "Net-(D5-Pad1)")
    (add_net "Net-(D6-Pad1)")
    (add_net "Net-(D7-Pad1)")
    (add_net "Net-(D8-Pad1)")
    (add_net "Net-(D9-Pad1)")
    (add_net "Net-(F1-Pad2)")
    (add_net "Net-(F2-Pad2)")
    (add_net "Net-(F3-Pad1)")
    (add_net "Net-(F3-Pad2)")
    (add_net "Net-(F4-Pad1)")
    (add_net "Net-(F4-Pad2)")
    (add_net "Net-(J1-Pad1)")
    (add_net "Net-(J1-Pad4)")
    (add_net "Net-(J10-Pad1)")
    (add_net "Net-(J10-Pad11)")
    (add_net "Net-(J10-Pad3)")
    (add_net "Net-(J10-Pad5)")
    (add_net "Net-(J10-Pad7)")
    (add_net "Net-(J10-Pad9)")
    (add_net "Net-(J11-Pad11)")
    (add_net "Net-(J11-Pad12)")
    (add_net "Net-(J11-Pad14)")
    (add_net "Net-(J11-Pad15)")
    (add_net "Net-(J11-Pad17)")
    (add_net "Net-(J11-Pad18)")
    (add_net "Net-(J11-Pad2)")
    (add_net "Net-(J11-Pad3)")
    (add_net "Net-(J11-Pad5)")
    (add_net "Net-(J11-Pad6)")
    (add_net "Net-(J11-Pad8)")
    (add_net "Net-(J11-Pad9)")
    (add_net "Net-(J20-Pad2)")
    (add_net "Net-(J20-Pad5)")
    (add_net "Net-(J21-Pad1)")
    (add_net "Net-(J22-Pad1)")
    (add_net "Net-(J25-Pad1)")
    (add_net "Net-(J5-Pad9)")
    (add_net "Net-(J8-Pad1)")
    (add_net "Net-(J8-Pad2)")
    (add_net "Net-(Q1-Pad1)")
    (add_net "Net-(Q1-Pad4)")
    (add_net "Net-(Q1-Pad5)")
    (add_net "Net-(Q1-Pad8)")
    (add_net "Net-(Q2-Pad1)")
    (add_net "Net-(Q2-Pad3)")
    (add_net "Net-(Q3-Pad1)")
    (add_net "Net-(Q3-Pad3)")
    (add_net "Net-(Q4-Pad1)")
    (add_net "Net-(Q4-Pad3)")
    (add_net "Net-(Q5-Pad1)")
    (add_net "Net-(Q5-Pad3)")
    (add_net "Net-(Q8-Pad1)")
    (add_net "Net-(Q9-Pad1)")
    (add_net "Net-(R11-Pad1)")
    (add_net "Net-(R14-Pad1)")
    (add_net "Net-(R17-Pad2)")
    (add_net "Net-(R29-Pad2)")
    (add_net "Net-(R31-Pad2)")
    (add_net "Net-(R32-Pad1)")
    (add_net "Net-(R32-Pad2)")
    (add_net "Net-(R34-Pad2)")
    (add_net "Net-(R36-Pad2)")
    (add_net "Net-(R37-Pad1)")
    (add_net "Net-(R37-Pad2)")
    (add_net "Net-(R39-Pad2)")
    (add_net "Net-(R41-Pad2)")
    (add_net "Net-(R42-Pad1)")
    (add_net "Net-(R42-Pad2)")
    (add_net "Net-(R44-Pad2)")
    (add_net "Net-(R46-Pad2)")
    (add_net "Net-(R47-Pad1)")
    (add_net "Net-(R47-Pad2)")
    (add_net "Net-(R49-Pad2)")
    (add_net "Net-(R5-Pad2)")
    (add_net "Net-(R51-Pad2)")
    (add_net "Net-(R52-Pad1)")
    (add_net "Net-(R52-Pad2)")
    (add_net "Net-(R54-Pad2)")
    (add_net "Net-(R56-Pad2)")
    (add_net "Net-(R57-Pad1)")
    (add_net "Net-(R57-Pad2)")
    (add_net "Net-(R7-Pad2)")
    (add_net "Net-(RV1-Pad2)")
    (add_net "Net-(U1-Pad3)")
    (add_net "Net-(U1-Pad7)")
    (add_net "Net-(U10-Pad2)")
    (add_net "Net-(U10-Pad3)")
    (add_net "Net-(U10-Pad5)")
    (add_net "Net-(U12-Pad12)")
    (add_net "Net-(U12-Pad13)")
    (add_net "Net-(U12-Pad73)")
    (add_net "Net-(U14-Pad10)")
    (add_net "Net-(U14-Pad12)")
    (add_net "Net-(U14-Pad14)")
    (add_net "Net-(U14-Pad8)")
    (add_net "Net-(U19-Pad10)")
    (add_net "Net-(U19-Pad12)")
    (add_net "Net-(U19-Pad14)")
    (add_net "Net-(U19-Pad8)")
    (add_net "Net-(U2-Pad2)")
    (add_net "Net-(U2-Pad3)")
    (add_net "Net-(U20-Pad10)")
    (add_net "Net-(U20-Pad11)")
    (add_net "Net-(U20-Pad4)")
    (add_net "Net-(U20-Pad5)")
    (add_net "Net-(U20-Pad6)")
    (add_net "Net-(U20-Pad9)")
    (add_net "Net-(U3-Pad1)")
    (add_net "Net-(U3-Pad4)")
    (add_net "Net-(U3-Pad5)")
    (add_net "Net-(U4-Pad1)")
    (add_net "Net-(U4-Pad4)")
    (add_net "Net-(U4-Pad5)")
    (add_net "Net-(U7-Pad2)")
    (add_net "Net-(U7-Pad3)")
    (add_net "Net-(U7-Pad5)")
    (add_net PWR_CTL)
    (add_net SPI2_IT)
    (add_net USB_D+)
    (add_net USB_D-)
    (add_net V+)
    (add_net V-)
    (add_net VBAT)
    (add_net VM)
    (add_net ~RST)
  )

  (module chinalandfoot:BT-CR2032 (layer F.Cu) (tedit 5D35CA5F) (tstamp 5DF1CFCA)
    (at 228.335001 41)
    (descr https://lcsc.com/product-detail/Battery-Holders-Clips-Contacts_Button-battery-holder-CR2032_C70377.html)
    (path /5DA8B375/5E48B000)
    (fp_text reference BT1 (at -3.9 -14.4 180) (layer F.SilkS)
      (effects (font (size 1 1) (thickness 0.15)))
    )
    (fp_text value Battery_Cell (at 0 -22) (layer F.Fab)
      (effects (font (size 1 1) (thickness 0.15)))
    )
    (fp_line (start 3.3 -15.2) (end 3.3 -13.6) (layer F.SilkS) (width 0.15))
    (fp_line (start 2.5 -14.4) (end 4.1 -14.4) (layer F.SilkS) (width 0.15))
    (fp_line (start -8 -12) (end 8 -12) (layer F.SilkS) (width 0.15))
    (fp_line (start 8 -12) (end 8 12) (layer F.SilkS) (width 0.15))
    (fp_line (start 8 12) (end -8 12) (layer F.SilkS) (width 0.15))
    (fp_line (start -8 12) (end -8 -12) (layer F.SilkS) (width 0.15))
    (pad 1 smd rect (at 0 -14.5) (size 4.2 3) (layers F.Cu F.Paste F.Mask)
      (net 1 VBAT))
    (pad 2 smd rect (at 0 14.5) (size 4.2 3) (layers F.Cu F.Paste F.Mask)
      (net 2 GND))
  )

  (module Capacitor_SMD:C_0603_1608Metric_Pad1.05x0.95mm_HandSolder (layer F.Cu) (tedit 5B301BBE) (tstamp 5DF1CFDB)
    (at 184.115001 151.265001)
    (descr "Capacitor SMD 0603 (1608 Metric), square (rectangular) end terminal, IPC_7351 nominal with elongated pad for handsoldering. (Body size source: http://www.tortai-tech.com/upload/download/2011102023233369053.pdf), generated with kicad-footprint-generator")
    (tags "capacitor handsolder")
    (path /5E851D3B/5E0C3BE5)
    (attr smd)
    (fp_text reference C1 (at 0 -1.43) (layer F.SilkS)
      (effects (font (size 1 1) (thickness 0.15)))
    )
    (fp_text value 100n (at 0 1.43) (layer F.Fab)
      (effects (font (size 1 1) (thickness 0.15)))
    )
    (fp_line (start -0.8 0.4) (end -0.8 -0.4) (layer F.Fab) (width 0.1))
    (fp_line (start -0.8 -0.4) (end 0.8 -0.4) (layer F.Fab) (width 0.1))
    (fp_line (start 0.8 -0.4) (end 0.8 0.4) (layer F.Fab) (width 0.1))
    (fp_line (start 0.8 0.4) (end -0.8 0.4) (layer F.Fab) (width 0.1))
    (fp_line (start -0.171267 -0.51) (end 0.171267 -0.51) (layer F.SilkS) (width 0.12))
    (fp_line (start -0.171267 0.51) (end 0.171267 0.51) (layer F.SilkS) (width 0.12))
    (fp_line (start -1.65 0.73) (end -1.65 -0.73) (layer F.CrtYd) (width 0.05))
    (fp_line (start -1.65 -0.73) (end 1.65 -0.73) (layer F.CrtYd) (width 0.05))
    (fp_line (start 1.65 -0.73) (end 1.65 0.73) (layer F.CrtYd) (width 0.05))
    (fp_line (start 1.65 0.73) (end -1.65 0.73) (layer F.CrtYd) (width 0.05))
    (fp_text user %R (at 0 0) (layer F.Fab)
      (effects (font (size 0.4 0.4) (thickness 0.06)))
    )
    (pad 1 smd roundrect (at -0.875 0) (size 1.05 0.95) (layers F.Cu F.Paste F.Mask) (roundrect_rratio 0.25)
      (net 3 "Net-(C1-Pad1)"))
    (pad 2 smd roundrect (at 0.875 0) (size 1.05 0.95) (layers F.Cu F.Paste F.Mask) (roundrect_rratio 0.25)
      (net 4 VM))
    (model ${KISYS3DMOD}/Capacitor_SMD.3dshapes/C_0603_1608Metric.wrl
      (at (xyz 0 0 0))
      (scale (xyz 1 1 1))
      (rotate (xyz 0 0 0))
    )
  )

  (module Capacitor_SMD:C_0603_1608Metric_Pad1.05x0.95mm_HandSolder (layer F.Cu) (tedit 5B301BBE) (tstamp 5DF1CFEC)
    (at 193.715001 140.845001)
    (descr "Capacitor SMD 0603 (1608 Metric), square (rectangular) end terminal, IPC_7351 nominal with elongated pad for handsoldering. (Body size source: http://www.tortai-tech.com/upload/download/2011102023233369053.pdf), generated with kicad-footprint-generator")
    (tags "capacitor handsolder")
    (path /5E851D3B/5E0D1278)
    (attr smd)
    (fp_text reference C2 (at 0 -1.43) (layer F.SilkS)
      (effects (font (size 1 1) (thickness 0.15)))
    )
    (fp_text value 100n (at 0 1.43) (layer F.Fab)
      (effects (font (size 1 1) (thickness 0.15)))
    )
    (fp_text user %R (at 0 0) (layer F.Fab)
      (effects (font (size 0.4 0.4) (thickness 0.06)))
    )
    (fp_line (start 1.65 0.73) (end -1.65 0.73) (layer F.CrtYd) (width 0.05))
    (fp_line (start 1.65 -0.73) (end 1.65 0.73) (layer F.CrtYd) (width 0.05))
    (fp_line (start -1.65 -0.73) (end 1.65 -0.73) (layer F.CrtYd) (width 0.05))
    (fp_line (start -1.65 0.73) (end -1.65 -0.73) (layer F.CrtYd) (width 0.05))
    (fp_line (start -0.171267 0.51) (end 0.171267 0.51) (layer F.SilkS) (width 0.12))
    (fp_line (start -0.171267 -0.51) (end 0.171267 -0.51) (layer F.SilkS) (width 0.12))
    (fp_line (start 0.8 0.4) (end -0.8 0.4) (layer F.Fab) (width 0.1))
    (fp_line (start 0.8 -0.4) (end 0.8 0.4) (layer F.Fab) (width 0.1))
    (fp_line (start -0.8 -0.4) (end 0.8 -0.4) (layer F.Fab) (width 0.1))
    (fp_line (start -0.8 0.4) (end -0.8 -0.4) (layer F.Fab) (width 0.1))
    (pad 2 smd roundrect (at 0.875 0) (size 1.05 0.95) (layers F.Cu F.Paste F.Mask) (roundrect_rratio 0.25)
      (net 5 V-))
    (pad 1 smd roundrect (at -0.875 0) (size 1.05 0.95) (layers F.Cu F.Paste F.Mask) (roundrect_rratio 0.25)
      (net 6 "Net-(C2-Pad1)"))
    (model ${KISYS3DMOD}/Capacitor_SMD.3dshapes/C_0603_1608Metric.wrl
      (at (xyz 0 0 0))
      (scale (xyz 1 1 1))
      (rotate (xyz 0 0 0))
    )
  )

  (module Capacitor_SMD:C_0603_1608Metric_Pad1.05x0.95mm_HandSolder (layer F.Cu) (tedit 5B301BBE) (tstamp 5DF1CFFD)
    (at 179.765001 154.355001)
    (descr "Capacitor SMD 0603 (1608 Metric), square (rectangular) end terminal, IPC_7351 nominal with elongated pad for handsoldering. (Body size source: http://www.tortai-tech.com/upload/download/2011102023233369053.pdf), generated with kicad-footprint-generator")
    (tags "capacitor handsolder")
    (path /5E851D3B/5E85D6E7)
    (attr smd)
    (fp_text reference C3 (at 0 -1.43) (layer F.SilkS)
      (effects (font (size 1 1) (thickness 0.15)))
    )
    (fp_text value 3.3u (at 0 1.43) (layer F.Fab)
      (effects (font (size 1 1) (thickness 0.15)))
    )
    (fp_text user %R (at 0 0) (layer F.Fab)
      (effects (font (size 0.4 0.4) (thickness 0.06)))
    )
    (fp_line (start 1.65 0.73) (end -1.65 0.73) (layer F.CrtYd) (width 0.05))
    (fp_line (start 1.65 -0.73) (end 1.65 0.73) (layer F.CrtYd) (width 0.05))
    (fp_line (start -1.65 -0.73) (end 1.65 -0.73) (layer F.CrtYd) (width 0.05))
    (fp_line (start -1.65 0.73) (end -1.65 -0.73) (layer F.CrtYd) (width 0.05))
    (fp_line (start -0.171267 0.51) (end 0.171267 0.51) (layer F.SilkS) (width 0.12))
    (fp_line (start -0.171267 -0.51) (end 0.171267 -0.51) (layer F.SilkS) (width 0.12))
    (fp_line (start 0.8 0.4) (end -0.8 0.4) (layer F.Fab) (width 0.1))
    (fp_line (start 0.8 -0.4) (end 0.8 0.4) (layer F.Fab) (width 0.1))
    (fp_line (start -0.8 -0.4) (end 0.8 -0.4) (layer F.Fab) (width 0.1))
    (fp_line (start -0.8 0.4) (end -0.8 -0.4) (layer F.Fab) (width 0.1))
    (pad 2 smd roundrect (at 0.875 0) (size 1.05 0.95) (layers F.Cu F.Paste F.Mask) (roundrect_rratio 0.25)
      (net 7 -5V))
    (pad 1 smd roundrect (at -0.875 0) (size 1.05 0.95) (layers F.Cu F.Paste F.Mask) (roundrect_rratio 0.25)
      (net 2 GND))
    (model ${KISYS3DMOD}/Capacitor_SMD.3dshapes/C_0603_1608Metric.wrl
      (at (xyz 0 0 0))
      (scale (xyz 1 1 1))
      (rotate (xyz 0 0 0))
    )
  )

  (module Capacitor_SMD:C_0603_1608Metric_Pad1.05x0.95mm_HandSolder (layer F.Cu) (tedit 5B301BBE) (tstamp 5DF1D00E)
    (at 187.715001 146.245001)
    (descr "Capacitor SMD 0603 (1608 Metric), square (rectangular) end terminal, IPC_7351 nominal with elongated pad for handsoldering. (Body size source: http://www.tortai-tech.com/upload/download/2011102023233369053.pdf), generated with kicad-footprint-generator")
    (tags "capacitor handsolder")
    (path /5E851D3B/5E85D6E0)
    (attr smd)
    (fp_text reference C4 (at 0 -1.43) (layer F.SilkS)
      (effects (font (size 1 1) (thickness 0.15)))
    )
    (fp_text value 3.3u (at 0 1.43) (layer F.Fab)
      (effects (font (size 1 1) (thickness 0.15)))
    )
    (fp_line (start -0.8 0.4) (end -0.8 -0.4) (layer F.Fab) (width 0.1))
    (fp_line (start -0.8 -0.4) (end 0.8 -0.4) (layer F.Fab) (width 0.1))
    (fp_line (start 0.8 -0.4) (end 0.8 0.4) (layer F.Fab) (width 0.1))
    (fp_line (start 0.8 0.4) (end -0.8 0.4) (layer F.Fab) (width 0.1))
    (fp_line (start -0.171267 -0.51) (end 0.171267 -0.51) (layer F.SilkS) (width 0.12))
    (fp_line (start -0.171267 0.51) (end 0.171267 0.51) (layer F.SilkS) (width 0.12))
    (fp_line (start -1.65 0.73) (end -1.65 -0.73) (layer F.CrtYd) (width 0.05))
    (fp_line (start -1.65 -0.73) (end 1.65 -0.73) (layer F.CrtYd) (width 0.05))
    (fp_line (start 1.65 -0.73) (end 1.65 0.73) (layer F.CrtYd) (width 0.05))
    (fp_line (start 1.65 0.73) (end -1.65 0.73) (layer F.CrtYd) (width 0.05))
    (fp_text user %R (at 0 0) (layer F.Fab)
      (effects (font (size 0.4 0.4) (thickness 0.06)))
    )
    (pad 1 smd roundrect (at -0.875 0) (size 1.05 0.95) (layers F.Cu F.Paste F.Mask) (roundrect_rratio 0.25)
      (net 2 GND))
    (pad 2 smd roundrect (at 0.875 0) (size 1.05 0.95) (layers F.Cu F.Paste F.Mask) (roundrect_rratio 0.25)
      (net 8 +5V))
    (model ${KISYS3DMOD}/Capacitor_SMD.3dshapes/C_0603_1608Metric.wrl
      (at (xyz 0 0 0))
      (scale (xyz 1 1 1))
      (rotate (xyz 0 0 0))
    )
  )

  (module Capacitor_SMD:C_0603_1608Metric_Pad1.05x0.95mm_HandSolder (layer F.Cu) (tedit 5B301BBE) (tstamp 5DF1D01F)
    (at 188.315001 143.735001)
    (descr "Capacitor SMD 0603 (1608 Metric), square (rectangular) end terminal, IPC_7351 nominal with elongated pad for handsoldering. (Body size source: http://www.tortai-tech.com/upload/download/2011102023233369053.pdf), generated with kicad-footprint-generator")
    (tags "capacitor handsolder")
    (path /5E851D3B/5E1E01D6)
    (attr smd)
    (fp_text reference C5 (at 0 -1.43) (layer F.SilkS)
      (effects (font (size 1 1) (thickness 0.15)))
    )
    (fp_text value 100n (at 0 1.43) (layer F.Fab)
      (effects (font (size 1 1) (thickness 0.15)))
    )
    (fp_line (start -0.8 0.4) (end -0.8 -0.4) (layer F.Fab) (width 0.1))
    (fp_line (start -0.8 -0.4) (end 0.8 -0.4) (layer F.Fab) (width 0.1))
    (fp_line (start 0.8 -0.4) (end 0.8 0.4) (layer F.Fab) (width 0.1))
    (fp_line (start 0.8 0.4) (end -0.8 0.4) (layer F.Fab) (width 0.1))
    (fp_line (start -0.171267 -0.51) (end 0.171267 -0.51) (layer F.SilkS) (width 0.12))
    (fp_line (start -0.171267 0.51) (end 0.171267 0.51) (layer F.SilkS) (width 0.12))
    (fp_line (start -1.65 0.73) (end -1.65 -0.73) (layer F.CrtYd) (width 0.05))
    (fp_line (start -1.65 -0.73) (end 1.65 -0.73) (layer F.CrtYd) (width 0.05))
    (fp_line (start 1.65 -0.73) (end 1.65 0.73) (layer F.CrtYd) (width 0.05))
    (fp_line (start 1.65 0.73) (end -1.65 0.73) (layer F.CrtYd) (width 0.05))
    (fp_text user %R (at 0 0) (layer F.Fab)
      (effects (font (size 0.4 0.4) (thickness 0.06)))
    )
    (pad 1 smd roundrect (at -0.875 0) (size 1.05 0.95) (layers F.Cu F.Paste F.Mask) (roundrect_rratio 0.25)
      (net 5 V-))
    (pad 2 smd roundrect (at 0.875 0) (size 1.05 0.95) (layers F.Cu F.Paste F.Mask) (roundrect_rratio 0.25)
      (net 9 "Net-(C5-Pad2)"))
    (model ${KISYS3DMOD}/Capacitor_SMD.3dshapes/C_0603_1608Metric.wrl
      (at (xyz 0 0 0))
      (scale (xyz 1 1 1))
      (rotate (xyz 0 0 0))
    )
  )

  (module Capacitor_SMD:C_0603_1608Metric_Pad1.05x0.95mm_HandSolder (layer F.Cu) (tedit 5B301BBE) (tstamp 5DF1D030)
    (at 171.065001 154.375001)
    (descr "Capacitor SMD 0603 (1608 Metric), square (rectangular) end terminal, IPC_7351 nominal with elongated pad for handsoldering. (Body size source: http://www.tortai-tech.com/upload/download/2011102023233369053.pdf), generated with kicad-footprint-generator")
    (tags "capacitor handsolder")
    (path /5E851D3B/5E85D6C0)
    (attr smd)
    (fp_text reference C6 (at 0 -1.43) (layer F.SilkS)
      (effects (font (size 1 1) (thickness 0.15)))
    )
    (fp_text value 3.3u (at 0 1.43) (layer F.Fab)
      (effects (font (size 1 1) (thickness 0.15)))
    )
    (fp_text user %R (at 0 0) (layer F.Fab)
      (effects (font (size 0.4 0.4) (thickness 0.06)))
    )
    (fp_line (start 1.65 0.73) (end -1.65 0.73) (layer F.CrtYd) (width 0.05))
    (fp_line (start 1.65 -0.73) (end 1.65 0.73) (layer F.CrtYd) (width 0.05))
    (fp_line (start -1.65 -0.73) (end 1.65 -0.73) (layer F.CrtYd) (width 0.05))
    (fp_line (start -1.65 0.73) (end -1.65 -0.73) (layer F.CrtYd) (width 0.05))
    (fp_line (start -0.171267 0.51) (end 0.171267 0.51) (layer F.SilkS) (width 0.12))
    (fp_line (start -0.171267 -0.51) (end 0.171267 -0.51) (layer F.SilkS) (width 0.12))
    (fp_line (start 0.8 0.4) (end -0.8 0.4) (layer F.Fab) (width 0.1))
    (fp_line (start 0.8 -0.4) (end 0.8 0.4) (layer F.Fab) (width 0.1))
    (fp_line (start -0.8 -0.4) (end 0.8 -0.4) (layer F.Fab) (width 0.1))
    (fp_line (start -0.8 0.4) (end -0.8 -0.4) (layer F.Fab) (width 0.1))
    (pad 2 smd roundrect (at 0.875 0) (size 1.05 0.95) (layers F.Cu F.Paste F.Mask) (roundrect_rratio 0.25)
      (net 10 "Net-(C6-Pad2)"))
    (pad 1 smd roundrect (at -0.875 0) (size 1.05 0.95) (layers F.Cu F.Paste F.Mask) (roundrect_rratio 0.25)
      (net 11 "Net-(C6-Pad1)"))
    (model ${KISYS3DMOD}/Capacitor_SMD.3dshapes/C_0603_1608Metric.wrl
      (at (xyz 0 0 0))
      (scale (xyz 1 1 1))
      (rotate (xyz 0 0 0))
    )
  )

  (module Capacitor_SMD:C_0603_1608Metric_Pad1.05x0.95mm_HandSolder (layer F.Cu) (tedit 5B301BBE) (tstamp 5DF1D041)
    (at 183.365001 148.755001)
    (descr "Capacitor SMD 0603 (1608 Metric), square (rectangular) end terminal, IPC_7351 nominal with elongated pad for handsoldering. (Body size source: http://www.tortai-tech.com/upload/download/2011102023233369053.pdf), generated with kicad-footprint-generator")
    (tags "capacitor handsolder")
    (path /5E851D3B/5E20674A)
    (attr smd)
    (fp_text reference C7 (at 0 -1.43) (layer F.SilkS)
      (effects (font (size 1 1) (thickness 0.15)))
    )
    (fp_text value 100n (at 0 1.43) (layer F.Fab)
      (effects (font (size 1 1) (thickness 0.15)))
    )
    (fp_text user %R (at 0 0) (layer F.Fab)
      (effects (font (size 0.4 0.4) (thickness 0.06)))
    )
    (fp_line (start 1.65 0.73) (end -1.65 0.73) (layer F.CrtYd) (width 0.05))
    (fp_line (start 1.65 -0.73) (end 1.65 0.73) (layer F.CrtYd) (width 0.05))
    (fp_line (start -1.65 -0.73) (end 1.65 -0.73) (layer F.CrtYd) (width 0.05))
    (fp_line (start -1.65 0.73) (end -1.65 -0.73) (layer F.CrtYd) (width 0.05))
    (fp_line (start -0.171267 0.51) (end 0.171267 0.51) (layer F.SilkS) (width 0.12))
    (fp_line (start -0.171267 -0.51) (end 0.171267 -0.51) (layer F.SilkS) (width 0.12))
    (fp_line (start 0.8 0.4) (end -0.8 0.4) (layer F.Fab) (width 0.1))
    (fp_line (start 0.8 -0.4) (end 0.8 0.4) (layer F.Fab) (width 0.1))
    (fp_line (start -0.8 -0.4) (end 0.8 -0.4) (layer F.Fab) (width 0.1))
    (fp_line (start -0.8 0.4) (end -0.8 -0.4) (layer F.Fab) (width 0.1))
    (pad 2 smd roundrect (at 0.875 0) (size 1.05 0.95) (layers F.Cu F.Paste F.Mask) (roundrect_rratio 0.25)
      (net 12 "Net-(C7-Pad2)"))
    (pad 1 smd roundrect (at -0.875 0) (size 1.05 0.95) (layers F.Cu F.Paste F.Mask) (roundrect_rratio 0.25)
      (net 5 V-))
    (model ${KISYS3DMOD}/Capacitor_SMD.3dshapes/C_0603_1608Metric.wrl
      (at (xyz 0 0 0))
      (scale (xyz 1 1 1))
      (rotate (xyz 0 0 0))
    )
  )

  (module Capacitor_SMD:C_0603_1608Metric_Pad1.05x0.95mm_HandSolder (layer F.Cu) (tedit 5B301BBE) (tstamp 5DF1D052)
    (at 194.315001 138.335001)
    (descr "Capacitor SMD 0603 (1608 Metric), square (rectangular) end terminal, IPC_7351 nominal with elongated pad for handsoldering. (Body size source: http://www.tortai-tech.com/upload/download/2011102023233369053.pdf), generated with kicad-footprint-generator")
    (tags "capacitor handsolder")
    (path /5E851D3B/5E871EAC)
    (attr smd)
    (fp_text reference C8 (at 0 -1.43) (layer F.SilkS)
      (effects (font (size 1 1) (thickness 0.15)))
    )
    (fp_text value 10u (at 0 1.43) (layer F.Fab)
      (effects (font (size 1 1) (thickness 0.15)))
    )
    (fp_line (start -0.8 0.4) (end -0.8 -0.4) (layer F.Fab) (width 0.1))
    (fp_line (start -0.8 -0.4) (end 0.8 -0.4) (layer F.Fab) (width 0.1))
    (fp_line (start 0.8 -0.4) (end 0.8 0.4) (layer F.Fab) (width 0.1))
    (fp_line (start 0.8 0.4) (end -0.8 0.4) (layer F.Fab) (width 0.1))
    (fp_line (start -0.171267 -0.51) (end 0.171267 -0.51) (layer F.SilkS) (width 0.12))
    (fp_line (start -0.171267 0.51) (end 0.171267 0.51) (layer F.SilkS) (width 0.12))
    (fp_line (start -1.65 0.73) (end -1.65 -0.73) (layer F.CrtYd) (width 0.05))
    (fp_line (start -1.65 -0.73) (end 1.65 -0.73) (layer F.CrtYd) (width 0.05))
    (fp_line (start 1.65 -0.73) (end 1.65 0.73) (layer F.CrtYd) (width 0.05))
    (fp_line (start 1.65 0.73) (end -1.65 0.73) (layer F.CrtYd) (width 0.05))
    (fp_text user %R (at 0 0) (layer F.Fab)
      (effects (font (size 0.4 0.4) (thickness 0.06)))
    )
    (pad 1 smd roundrect (at -0.875 0) (size 1.05 0.95) (layers F.Cu F.Paste F.Mask) (roundrect_rratio 0.25)
      (net 8 +5V))
    (pad 2 smd roundrect (at 0.875 0) (size 1.05 0.95) (layers F.Cu F.Paste F.Mask) (roundrect_rratio 0.25)
      (net 2 GND))
    (model ${KISYS3DMOD}/Capacitor_SMD.3dshapes/C_0603_1608Metric.wrl
      (at (xyz 0 0 0))
      (scale (xyz 1 1 1))
      (rotate (xyz 0 0 0))
    )
  )

  (module Capacitor_SMD:C_0603_1608Metric_Pad1.05x0.95mm_HandSolder (layer F.Cu) (tedit 5B301BBE) (tstamp 5DF1D063)
    (at 179.015001 146.825001)
    (descr "Capacitor SMD 0603 (1608 Metric), square (rectangular) end terminal, IPC_7351 nominal with elongated pad for handsoldering. (Body size source: http://www.tortai-tech.com/upload/download/2011102023233369053.pdf), generated with kicad-footprint-generator")
    (tags "capacitor handsolder")
    (path /5E851D3B/5E473FFF)
    (attr smd)
    (fp_text reference C9 (at 0 -1.43) (layer F.SilkS)
      (effects (font (size 1 1) (thickness 0.15)))
    )
    (fp_text value 10n (at 0 1.43) (layer F.Fab)
      (effects (font (size 1 1) (thickness 0.15)))
    )
    (fp_line (start -0.8 0.4) (end -0.8 -0.4) (layer F.Fab) (width 0.1))
    (fp_line (start -0.8 -0.4) (end 0.8 -0.4) (layer F.Fab) (width 0.1))
    (fp_line (start 0.8 -0.4) (end 0.8 0.4) (layer F.Fab) (width 0.1))
    (fp_line (start 0.8 0.4) (end -0.8 0.4) (layer F.Fab) (width 0.1))
    (fp_line (start -0.171267 -0.51) (end 0.171267 -0.51) (layer F.SilkS) (width 0.12))
    (fp_line (start -0.171267 0.51) (end 0.171267 0.51) (layer F.SilkS) (width 0.12))
    (fp_line (start -1.65 0.73) (end -1.65 -0.73) (layer F.CrtYd) (width 0.05))
    (fp_line (start -1.65 -0.73) (end 1.65 -0.73) (layer F.CrtYd) (width 0.05))
    (fp_line (start 1.65 -0.73) (end 1.65 0.73) (layer F.CrtYd) (width 0.05))
    (fp_line (start 1.65 0.73) (end -1.65 0.73) (layer F.CrtYd) (width 0.05))
    (fp_text user %R (at 0 0) (layer F.Fab)
      (effects (font (size 0.4 0.4) (thickness 0.06)))
    )
    (pad 1 smd roundrect (at -0.875 0) (size 1.05 0.95) (layers F.Cu F.Paste F.Mask) (roundrect_rratio 0.25)
      (net 13 "Net-(C9-Pad1)"))
    (pad 2 smd roundrect (at 0.875 0) (size 1.05 0.95) (layers F.Cu F.Paste F.Mask) (roundrect_rratio 0.25)
      (net 14 "Net-(C9-Pad2)"))
    (model ${KISYS3DMOD}/Capacitor_SMD.3dshapes/C_0603_1608Metric.wrl
      (at (xyz 0 0 0))
      (scale (xyz 1 1 1))
      (rotate (xyz 0 0 0))
    )
  )

  (module Capacitor_SMD:C_0603_1608Metric_Pad1.05x0.95mm_HandSolder (layer F.Cu) (tedit 5B301BBE) (tstamp 5DF1D074)
    (at 194.365001 135.825001)
    (descr "Capacitor SMD 0603 (1608 Metric), square (rectangular) end terminal, IPC_7351 nominal with elongated pad for handsoldering. (Body size source: http://www.tortai-tech.com/upload/download/2011102023233369053.pdf), generated with kicad-footprint-generator")
    (tags "capacitor handsolder")
    (path /5E851D3B/5E871EBF)
    (attr smd)
    (fp_text reference C10 (at 0 -1.43) (layer F.SilkS)
      (effects (font (size 1 1) (thickness 0.15)))
    )
    (fp_text value 22u (at 0 1.43) (layer F.Fab)
      (effects (font (size 1 1) (thickness 0.15)))
    )
    (fp_text user %R (at 0 0) (layer F.Fab)
      (effects (font (size 0.4 0.4) (thickness 0.06)))
    )
    (fp_line (start 1.65 0.73) (end -1.65 0.73) (layer F.CrtYd) (width 0.05))
    (fp_line (start 1.65 -0.73) (end 1.65 0.73) (layer F.CrtYd) (width 0.05))
    (fp_line (start -1.65 -0.73) (end 1.65 -0.73) (layer F.CrtYd) (width 0.05))
    (fp_line (start -1.65 0.73) (end -1.65 -0.73) (layer F.CrtYd) (width 0.05))
    (fp_line (start -0.171267 0.51) (end 0.171267 0.51) (layer F.SilkS) (width 0.12))
    (fp_line (start -0.171267 -0.51) (end 0.171267 -0.51) (layer F.SilkS) (width 0.12))
    (fp_line (start 0.8 0.4) (end -0.8 0.4) (layer F.Fab) (width 0.1))
    (fp_line (start 0.8 -0.4) (end 0.8 0.4) (layer F.Fab) (width 0.1))
    (fp_line (start -0.8 -0.4) (end 0.8 -0.4) (layer F.Fab) (width 0.1))
    (fp_line (start -0.8 0.4) (end -0.8 -0.4) (layer F.Fab) (width 0.1))
    (pad 2 smd roundrect (at 0.875 0) (size 1.05 0.95) (layers F.Cu F.Paste F.Mask) (roundrect_rratio 0.25)
      (net 2 GND))
    (pad 1 smd roundrect (at -0.875 0) (size 1.05 0.95) (layers F.Cu F.Paste F.Mask) (roundrect_rratio 0.25)
      (net 15 +3V3))
    (model ${KISYS3DMOD}/Capacitor_SMD.3dshapes/C_0603_1608Metric.wrl
      (at (xyz 0 0 0))
      (scale (xyz 1 1 1))
      (rotate (xyz 0 0 0))
    )
  )

  (module Capacitor_SMD:C_0603_1608Metric_Pad1.05x0.95mm_HandSolder (layer F.Cu) (tedit 5B301BBE) (tstamp 5DF1D085)
    (at 189.365001 140.845001)
    (descr "Capacitor SMD 0603 (1608 Metric), square (rectangular) end terminal, IPC_7351 nominal with elongated pad for handsoldering. (Body size source: http://www.tortai-tech.com/upload/download/2011102023233369053.pdf), generated with kicad-footprint-generator")
    (tags "capacitor handsolder")
    (path /5E851D3B/5E871ECF)
    (attr smd)
    (fp_text reference C11 (at 0 -1.43) (layer F.SilkS)
      (effects (font (size 1 1) (thickness 0.15)))
    )
    (fp_text value 100n (at 0 1.43) (layer F.Fab)
      (effects (font (size 1 1) (thickness 0.15)))
    )
    (fp_line (start -0.8 0.4) (end -0.8 -0.4) (layer F.Fab) (width 0.1))
    (fp_line (start -0.8 -0.4) (end 0.8 -0.4) (layer F.Fab) (width 0.1))
    (fp_line (start 0.8 -0.4) (end 0.8 0.4) (layer F.Fab) (width 0.1))
    (fp_line (start 0.8 0.4) (end -0.8 0.4) (layer F.Fab) (width 0.1))
    (fp_line (start -0.171267 -0.51) (end 0.171267 -0.51) (layer F.SilkS) (width 0.12))
    (fp_line (start -0.171267 0.51) (end 0.171267 0.51) (layer F.SilkS) (width 0.12))
    (fp_line (start -1.65 0.73) (end -1.65 -0.73) (layer F.CrtYd) (width 0.05))
    (fp_line (start -1.65 -0.73) (end 1.65 -0.73) (layer F.CrtYd) (width 0.05))
    (fp_line (start 1.65 -0.73) (end 1.65 0.73) (layer F.CrtYd) (width 0.05))
    (fp_line (start 1.65 0.73) (end -1.65 0.73) (layer F.CrtYd) (width 0.05))
    (fp_text user %R (at 0 0) (layer F.Fab)
      (effects (font (size 0.4 0.4) (thickness 0.06)))
    )
    (pad 1 smd roundrect (at -0.875 0) (size 1.05 0.95) (layers F.Cu F.Paste F.Mask) (roundrect_rratio 0.25)
      (net 15 +3V3))
    (pad 2 smd roundrect (at 0.875 0) (size 1.05 0.95) (layers F.Cu F.Paste F.Mask) (roundrect_rratio 0.25)
      (net 2 GND))
    (model ${KISYS3DMOD}/Capacitor_SMD.3dshapes/C_0603_1608Metric.wrl
      (at (xyz 0 0 0))
      (scale (xyz 1 1 1))
      (rotate (xyz 0 0 0))
    )
  )

  (module Capacitor_SMD:CP_Elec_6.3x5.4 (layer F.Cu) (tedit 5BCA39D0) (tstamp 5DF1D0AD)
    (at 145.065001 134.825001)
    (descr "SMD capacitor, aluminum electrolytic, Panasonic C55, 6.3x5.4mm")
    (tags "capacitor electrolytic")
    (path /5E851D3B/5E30F8CE)
    (attr smd)
    (fp_text reference C12 (at 0 -4.35) (layer F.SilkS)
      (effects (font (size 1 1) (thickness 0.15)))
    )
    (fp_text value 220u (at 0 4.35) (layer F.Fab)
      (effects (font (size 1 1) (thickness 0.15)))
    )
    (fp_circle (center 0 0) (end 3.15 0) (layer F.Fab) (width 0.1))
    (fp_line (start 3.3 -3.3) (end 3.3 3.3) (layer F.Fab) (width 0.1))
    (fp_line (start -2.3 -3.3) (end 3.3 -3.3) (layer F.Fab) (width 0.1))
    (fp_line (start -2.3 3.3) (end 3.3 3.3) (layer F.Fab) (width 0.1))
    (fp_line (start -3.3 -2.3) (end -3.3 2.3) (layer F.Fab) (width 0.1))
    (fp_line (start -3.3 -2.3) (end -2.3 -3.3) (layer F.Fab) (width 0.1))
    (fp_line (start -3.3 2.3) (end -2.3 3.3) (layer F.Fab) (width 0.1))
